000002
000007
000008
000010
000011
000012
000013
000014
000020
000022
000023
000024
000026
000028
000032
000033
000037
000038
000042
000043
000044
000046
000047
000048
000049
000050
000051
000052
000053
000055
000056
000057
000058
000059
000062
000064
000066
000067
000069
000070
000072
000073
000074
000075
000076
000077
000078
000079
000081
000171
000174
000177
000184
000185
000189
000190
000195
000197
000199
000200
000201
000202
000206
000207
000210
000211
000213
000214
000215
000218
000221
000223
000225
000228
000229
000230
000231
000232
000233
000234
000237
000238
000239
000240
000241
000243
000244
000245
000248
000249
000250
000251
000252
000255
000256
000257
000258
000259
000261
000262
000264
000265
000266
000276
000278
000281
000283
000284
000286
000289
000293
000343
000346
000348
000350
000351
000355
000357
000358
000359
000361
000364
000367
000370
000372
000382
000384
000385
000390
000399
000401
000402
000403
000404
000509
